$ANSIBLE_VAULT;1.1;AES256
34343163306437623033323237373834653232303461643263393962633637663864396638653864
3838303466643432313364306637346234306564613732350a346166646565613263366433323332
35303866633434663934303463393838653634323865306131323430383539306463323438396562
6531383736366662650a323337376535666434356330396235616662623661313837663030326265
32303433396666363764366165373531366235303032613335323937396164306238396635663363
36383666383738656436653964343261353530333061633562393635333938643630396134306530
63333962633135383134626231373039323435363632376631333639353138646438393134633865
61626466306536633761666534653863346265643236346433666362663030336432316162313632
62323733306232373039376165613866386130613731326238396330353462643161643939663134
34623766313133376433633933386333336239643865333437646339633537303565373063373839
36636563313163633438326166393135666230646632626434613533623935326230386639383135
35363337323237643238
