$ANSIBLE_VAULT;1.1;AES256
38316566316562666131393335626361373164333664636435393134646163666666646232633232
3239313939383862343666383161356462303532336264640a616664313362303633353165653930
32663033636635353632633536666335316335636363326464663332316364326538343032656564
3631663035663039380a613730666333623965366635303962636239356430393864623664653065
64303966333433653263326633636662666439373933323331633532316331376462333239623733
39386563303966383664383933323861616436346265613437316635306138653663313763353338
63623034663739353665343933313936323934306636666362353930353964346366306461623838
33613337323639613763376639326434313933376631333465613537643036343366303764346137
35303038393561666533636334363030636264316236363766386362313363386131376234613232
32636365636437633263633661366566666464316434633939343765326463623165613130376132
39613832653830306637303331613464373032346662386433656231353934643938626436393933
30383038313164386136313931346130303733306266663166326431383339383132313861646530
66633937326139366337396130666331303839313164613963366234306234306663386435626265
3734363539623037653938616363366331623136366233626436
